       0       0       0       0       0       0       0       0       0       0       0       0       0       0       0       0       0       0       0       0       0       0       0       0       0       0       0       0       0       0       0       0       0       0       0       0       0       0       0       0       0       0       0       0       0       0       0       0       0       0       0
       0   214.6   231.9   35.99     193   244.5   71.25   167.5   252.3   105.1   138.7     255   136.8   107.1   252.6   165.8   73.42   245.2   191.5   38.22   232.8   213.3   2.257   215.8   230.9   33.75   194.5   243.9   69.08   169.2   251.9     103   140.6     255   134.9   109.2   252.9   164.1   75.57   245.8     190   40.45   233.7   212.1   4.514     217     230   31.51   195.9   243.2   66.91
       0   231.9     193   71.25   252.3   138.7   136.8   252.6   73.42   191.5   232.8   2.257   230.9   194.5   69.08   251.9   140.6   134.9   252.9   75.57     190   233.7   4.514     230   195.9   66.91   251.6   142.5     133   253.2   77.73   188.5   234.6   6.771     229   197.3   64.72   251.2   144.4   131.1   253.4   79.87     187   235.5   9.027     228   198.8   62.54   250.8   146.2   129.1
       0   35.99   71.25   105.1   136.8   165.8   191.5   213.3   230.9   243.9   251.9     255   252.9   245.8   233.7     217   195.9   170.9   142.5   111.2   77.73   42.68   6.771   29.27   64.72   98.88   131.1   160.6     187   209.6     228   241.8   250.8   254.8   253.7   247.5   236.3   220.5   200.2   175.9   148.1   117.3   84.15   49.34   13.54   22.53   58.15   92.61   125.2   155.3   182.3
       0     193   252.3   136.8   73.42   232.8   230.9   69.08   140.6   252.9     190   4.514   195.9   251.6     133   77.73   234.6     229   64.72   144.4   253.4     187   9.027   198.8   250.8   129.1   82.01   236.3   226.9   60.35   148.1   253.9   183.9   13.54   201.6     250   125.2   86.28     238   224.9   55.95   151.7   254.3   180.7   18.04   204.3     249   121.3   90.51   239.6   222.7
       0   244.5   138.7   165.8   232.8   33.75   251.9   109.2     190     217   66.91   254.9   77.73   210.8   197.3   98.88   253.4    44.9     228   174.2   129.1   247.5   11.28   241.1   148.1   157.1   237.2   22.53     250   119.3   182.3   222.7   55.95   254.4    88.4   204.3   204.3   88.39   254.4   55.96   222.7   182.3   119.3     250   22.54   237.2   157.1     148   241.1   11.27   247.5
       0   71.25   136.8   191.5   230.9   251.9   252.9   233.7   195.9   142.5   77.73   6.771   64.72   131.1     187     228   250.8   253.7   236.3   200.2   148.1   84.15   13.54   58.15   125.2   182.3   224.9   249.5   254.3   238.8   204.3   153.5   90.51   20.29   51.54   119.3   177.5   221.6     248   254.7   241.1   208.3   158.9   96.81   27.03   44.89   113.2   172.6   218.2   246.4   254.9
       0   167.5   252.6   213.3   69.08   109.2   233.7   243.2     133   42.68   197.3   254.9     187   27.03   146.2   247.5   226.9   94.71   84.15   221.6     250   155.3   15.79   179.1   254.3   204.3   53.75   123.2   239.6     238   119.3   58.16     207   253.9   175.9   11.27   158.9   250.8   219.3   79.87   98.89     229   246.4   142.5   31.52     190     255   194.4   38.21   136.8   244.5
       0   252.3   73.42   230.9   140.6     190   195.9     133   234.6   64.72   253.4   9.027   250.8   82.01   226.9   148.1   183.9   201.6   125.2     238   55.95   254.3   18.04     249   90.51   222.7   155.3   177.5     207   117.3   241.1   47.11   254.8   27.03   246.9   98.89   218.2   162.4   170.9   212.1   109.2   243.9   38.21     255   35.99   244.5   107.1   213.3   169.2   164.1     217
       0   105.1   191.5   243.9   252.9     217   142.5   42.68   64.72   160.6     228   254.8   236.3   175.9   84.15   22.53   125.2   205.6   249.5     249   204.3   123.2   20.29   86.27   177.5   237.2   254.7     227   158.9   62.55   44.89   144.4   218.2   253.2   243.2     190     103   2.249   107.1     193   244.5   252.6   215.8   140.6   40.46    66.9   162.4     229   254.9   235.5   174.2
       0   138.7   232.8   251.9     190   66.91   77.73   197.3   253.4     228   129.1   11.28   148.1   237.2     250   182.3   55.95    88.4   204.3   254.4   222.7   119.3   22.54   157.1   241.1   247.5   174.2   44.89   98.89   210.8   254.9     217   109.2   33.76   165.8   244.5   244.5   165.8   33.74   109.2     217   254.9   210.8   98.88   44.91   174.2   247.5   241.1   157.1   22.53   119.3
       0     255   2.257     255   4.514   254.9   6.771   254.9   9.027   254.8   11.28   254.7   13.54   254.6   15.79   254.4   18.04   254.3   20.29   254.1   22.54   253.9   24.79   253.7   27.03   253.4   29.28   253.2   31.52   252.9   33.76   252.6   35.99   252.3   38.23   251.9   40.46   251.6   42.68   251.2   44.91   250.8   47.13   250.4   49.34     250   51.56   249.5   53.76     249   55.97
       0   136.8   230.9   252.9   195.9   77.73   64.72     187   250.8   236.3   148.1   13.54   125.2   224.9   254.3   204.3   90.51   51.54   177.5     248   241.1   158.9   27.03   113.2   218.2   254.9   212.1     103   38.21   167.5   244.5   245.2   169.2   40.46     101   210.8   254.9   219.3   115.3   24.77   157.1   240.3   248.5   179.1   53.76   88.38   202.9   254.1   225.9   127.2   11.27
       0   107.1   194.5   245.8   251.6   210.8   131.1   27.03   82.01   175.9   237.2   254.6   224.9   153.5   53.75   55.96   155.3   225.9   254.7   236.3   174.2   79.87   29.28     133   212.1   251.9   245.2     193   105.1   2.265   109.2   195.9   246.4   251.2   209.6   129.1   24.77   84.15   177.5     238   254.4   223.8   151.7   51.53   58.17   157.1     227   254.8   235.5   172.6   77.71
       0   252.6   69.08   233.7     133   197.3     187   146.2   226.9   84.15     250   15.79   254.3   53.75   239.6   119.3     207   175.9   158.9   219.3   98.89   246.4   31.52     255   38.21   244.5   105.1   215.8   164.1   170.9   210.8   113.3   241.8   47.13   254.7   22.53   248.5   90.49   223.8   151.7   182.3   201.6   127.2   236.3   62.55   253.4   6.755   251.6   75.56   230.9   138.7
       0   165.8   251.9     217   77.73   98.88     228   247.5   148.1   22.53   182.3   254.4   204.3   55.96   119.3   237.2   241.1   129.1   44.89   197.3   254.9     190   33.76   138.7   244.5   232.8   109.2    66.9   210.8   253.4   174.2   11.29   157.1     250   222.7    88.4   88.38   222.7     250   157.1   11.27   174.2   253.4   210.8   66.92   109.2   232.8   244.5   138.7   33.73     190
       0   73.42   140.6   195.9   234.6   253.4   250.8   226.9   183.9   125.2   55.95   18.04   90.51   155.3     207   241.1   254.8   246.9   218.2   170.9   109.2   38.21   35.99   107.1   169.2     217   246.4   254.9   241.8   208.3   157.1    92.6   20.28   53.76   123.3   182.3   225.9   250.4   253.7   235.5   197.3   142.5   75.56   2.242   71.27   138.7   194.5   233.7   253.2   251.2     228
       0   245.2   134.9   170.9     229    44.9   253.7   94.71   201.6   205.6    88.4   254.3   51.54   225.9   175.9   129.1   246.9   6.763   243.2   140.6   165.8   231.9   38.23   252.9     101   197.3   209.6   82.02   254.7   58.15   222.7   180.7   123.3   248.5   13.52   241.1   146.2   160.6   234.6   31.53     252   107.1     193   213.3   75.59   254.9   64.71   219.3   185.4   117.3     250
       0   191.5   252.9   142.5   64.72     228   236.3   84.15   125.2   249.5   204.3   20.29   177.5   254.7   158.9   44.89   218.2   243.2     103   107.1   244.5   215.8   40.46   162.4   254.9   174.2   24.77     207   248.5   121.3   88.38     238   225.9   60.36   146.2   253.4   188.5   4.499   194.4   252.3   138.7   69.07   229.9   234.6   79.89   129.1   250.4   201.6   15.81   180.7   254.4
       0   38.22   75.57   111.2   144.4   174.2   200.2   221.6     238     249   254.4   254.1     248   236.3   219.3   197.3   170.9   140.6   107.1   71.24   33.74   4.522   42.68   79.88   115.3   148.1   177.5   202.9   223.8   239.6     250   254.7   253.7   246.9   234.6     217   194.4   167.5   136.8     103   66.89   29.25   9.042   47.13   84.16   119.3   151.7   180.7   205.6   225.9   241.1
       0   232.8     190   77.73   253.4   129.1   148.1     250   55.95   204.3   222.7   22.54   241.1   174.2   98.89   254.9   109.2   165.8   244.5   33.74     217   210.8   44.91   247.5   157.1   119.3   254.4   88.38   182.3   237.2   11.27     228   197.3   66.92     252   138.7   138.7   251.9   66.89   197.4     228    11.3   237.2   182.3   88.41   254.4   119.3   157.1   247.5   44.88   210.9
       0   213.3   233.7   42.68     187   247.5   84.15   155.3   254.3   123.2   119.3   253.9   158.9   79.87   246.4     190   38.21   231.9   215.8   4.522   210.8   235.5   47.13   183.9   248.5    88.4   151.7   254.6   127.2   115.3   253.4   162.4   75.56   245.2     193   33.73   229.9   218.2   9.042   208.3   237.2   51.56   180.7   249.5   92.63     148   254.8   131.1   111.2   252.9   165.8
       0   2.257   4.514   6.771   9.027   11.28   13.54   15.79   18.04   20.29   22.54   24.79   27.03   29.28   31.52   33.76   35.99   38.23   40.46   42.68   44.91   47.13   49.34   51.56   53.76   55.97   58.17   60.36   62.55   64.74   66.92    69.1   71.27   73.43   75.59   77.74   79.89   82.03   84.16   86.29   88.41   90.52   92.63   94.73   96.82   98.91     101   103.1   105.1   107.2   109.2
       0   215.8     230   29.27   198.8   241.1   58.15   179.1     249   86.27   157.1   253.7   113.2     133     255   138.7   107.1   252.9   162.4   79.88   247.5   183.9   51.56   238.8   202.9   22.55     227   219.3   6.755   212.1   232.8   35.97   194.5   243.2   64.71   174.2   250.4   92.59   151.7   254.3   119.3   127.2   254.8   144.3     101     252   167.5   73.44   245.8   188.5   44.92
       0   230.9   195.9   64.72   250.8   148.1   125.2   254.3   90.51   177.5   241.1   27.03   218.2   212.1   38.21   244.5   169.2     101   254.9   115.3   157.1   248.5   53.76   202.9   225.9   11.27   235.5   188.5   75.56   252.6   138.7   134.9   253.2   79.89   185.4   237.2   15.81   223.8   205.6   49.31   247.5   160.6   111.2     255   105.1   165.8   245.8    42.7   209.6   220.5   22.51
       0   33.75   66.91   98.88   129.1   157.1   182.3   204.3   222.7   237.2   247.5   253.4   254.9   251.9   244.5   232.8     217   197.3   174.2   148.1   119.3    88.4   55.97   22.55   11.27   44.88   77.71   109.2   138.7   165.8     190   210.8     228   241.1     250   254.4   254.4     250   241.1     228   210.9     190   165.8   138.7   109.2   77.75   44.92    11.3   22.51   55.93   88.37
       0   194.5   251.6   131.1   82.01   237.2   224.9   53.75   155.3   254.7   174.2   29.28   212.1   245.2   105.1   109.2   246.4   209.6   24.77   177.5   254.4   151.7   58.17     227   235.5   77.71   134.9   252.3   191.5   4.529   197.4   250.8   127.2   86.29   238.8   222.7   49.31   158.9   254.9   170.9   33.77   214.6   243.9   100.9   113.3   247.5   206.9   20.26   180.7   254.1     148
       0   243.9   142.5   160.6   236.3   22.53   249.5   123.2   177.5     227   44.89   253.2     103     193   215.8    66.9   254.9   82.02     207   202.9   88.38   254.6   60.36   219.3   188.5   109.2   252.3   38.23   229.9   172.6   129.1     248   15.81   238.8   155.3     148   241.8   6.747   245.8   136.8   165.8   233.7   29.25   250.8   117.3   182.3   223.8   51.52   253.9   96.83   197.3
       0   69.08     133     187   226.9     250   254.3   239.6     207   158.9   98.89   31.52   38.21   105.1   164.1   210.8   241.8   254.7   248.5   223.8   182.3   127.2   62.55   6.755   75.56   138.7   191.5   229.9   251.2   253.7   237.2   202.9   153.5   92.63    24.8   44.88   111.2   169.2   214.6   243.9   254.9   246.9   220.5   177.5   121.3   55.98   13.51   81.98   144.3   195.9   232.8
       0   169.2   253.2   209.6   60.35   119.3   238.8     238   117.3   62.55   210.8   252.9   167.5   2.265   170.9   253.4   208.3   58.15   121.3   239.6   237.2   115.3   64.74   212.1   252.6   165.8   4.529   172.6   253.7   206.9   55.94   123.3   240.3   236.3   113.2   66.93   213.4   252.3   164.1   6.794   174.2   253.9   205.6   53.73   125.2   241.1   235.5   111.2   69.11   214.6   251.9
       0   251.9   77.73     228   148.1   182.3   204.3   119.3   241.1   44.89   254.9   33.76   244.5   109.2   210.8   174.2   157.1   222.7   88.38     250   11.27   253.4   66.92   232.8   138.7     190   197.4   129.1   237.2   55.94   254.4   22.56   247.5   98.91     217   165.8   165.8     217   98.86   247.5   22.51   254.4   55.98   237.2   129.1   197.3     190   138.7   232.8   66.88   253.4
       0     103   188.5   241.8   253.9   222.7   153.5   58.16   47.11   144.4     217   252.6   245.2   195.9   113.3   11.29    92.6   180.7     238   254.7     228   162.4    69.1   35.97   134.9   210.8   250.8     248   202.9   123.3   22.56   81.99   172.6   233.7     255   232.8   170.9    79.9   24.76   125.2   204.3   248.5   250.4   209.6     133   33.78   71.22   164.1     229   254.8   237.2
       0   140.6   234.6   250.8   183.9   55.95   90.51     207   254.8   218.2   109.2   35.99   169.2   246.4   241.8   157.1   20.28   123.3   225.9   253.7   197.3   75.56   71.27   194.5   253.2     228   127.2   15.81   153.5   240.3   247.5   172.6   40.43   105.1   215.8   254.9   209.6   94.69   51.57   180.7     250   236.3   144.3   4.483   136.9   232.8   251.6   186.9   60.32    86.3   204.3
       0     255   6.771   254.8   13.54   254.4   20.29   253.9   27.03   253.2   33.76   252.3   40.46   251.2   47.13     250   53.76   248.5   60.36   246.9   66.92   245.2   73.43   243.2   79.89   241.1   86.29   238.8   92.63   236.3   98.91   233.7   105.1   230.9   111.2     228   117.3   224.8   123.3   221.6   129.1   218.1   134.9   214.6   140.6   210.8   146.2   206.9   151.7   202.9   157.1
       0   134.9     229   253.7   201.6    88.4   51.54   175.9   246.9   243.2   165.8   38.23     101   209.6   254.7   222.7   123.3   13.52   146.2   234.6     252     193   75.59   64.71   185.4     250   238.8   155.3    24.8   113.2     217     255   215.8   111.2      27   157.1   239.6   249.5   183.9   62.57    77.7   194.4   252.3   233.7   144.4   11.31   125.2   223.8   254.6   208.3   98.92
       0   109.2   197.3   247.5     250   204.3   119.3   11.27   98.89     190   244.5   251.9   210.8   129.1   22.53    88.4   182.3   241.1   253.4     217   138.7   33.73   77.74   174.2   237.2   254.4   222.7     148   44.88   66.93   165.8   232.8   254.9     228   157.1   55.93   55.98   157.1     228   254.9   232.8   165.8   66.88   44.93   148.1   222.7   254.4   237.2   174.2   77.69   33.79
       0   252.9   64.72   236.3   125.2   204.3   177.5   158.9   218.2     103   244.5   40.46   254.9   24.77   248.5   88.38   225.9   146.2   188.5   194.4   138.7   229.9   79.89   250.4   15.81   254.4   49.31   241.8   111.2   213.4   165.8   170.9   209.6   117.3   239.6   55.98   253.9   8.996   251.6   73.39   232.8     133   198.8   183.8   151.7   222.7   94.74   246.9   31.55     255   33.71
       0   164.1   251.2   220.5   86.28   88.39   221.6   250.8   162.4   2.249   165.8   251.6   219.3   84.15   90.49   222.7   250.4   160.6   4.499   167.5   251.9   218.2   82.03   92.59   223.8     250   158.9   6.747   169.2   252.3     217    79.9   94.69   224.8   249.5   157.1   8.996   170.9   252.6   215.8   77.76   96.77   225.9     249   155.3   11.24   172.5   252.9   214.6   75.61   98.85
       0   75.57   144.4   200.2     238   254.4     248   219.3   170.9   107.1   33.74   42.68   115.3   177.5   223.8     250   253.7   234.6   194.4   136.8   66.89   9.042   84.16   151.7   205.6   241.1   254.9   245.8   214.6   164.1   98.86   24.76   51.57   123.3   183.9     228   251.6   252.6   230.9   188.5   129.1   58.12   18.07   92.64   158.9   210.9   243.9     255   243.2   209.5   157.1
       0   245.8   131.1   175.9   224.9   55.96   254.7   79.87   212.1     193   109.2   251.2   24.77     238   151.7   157.1   235.5   31.53   252.3     103   197.4   208.3   86.29   254.3   49.31     228   170.9   136.8   243.9   6.794   247.5   125.2   180.7   221.6   62.57   254.9   73.39   215.8   188.5   115.3     250      18   240.4   146.2   162.4   232.8   38.26   253.2   96.76   201.6   204.3
       0     190   253.4   148.1   55.95   222.7   241.1   98.89   109.2   244.5     217   44.91   157.1   254.4   182.3   11.27   197.3     252   138.7   66.89     228   237.2   88.41   119.3   247.5   210.9   33.77   165.8   254.9   174.2   22.51   204.3     250   129.1    77.7   232.8   232.8   77.76   129.1     250   204.3   22.57   174.2   254.9   165.9   33.71   210.8   247.5   119.3   88.35   237.2
       0   40.45   79.87   117.3   151.7   182.3   208.3     229   243.9   252.6   254.9   250.8   240.3   223.8   201.6   174.2   142.5   107.1   69.07   29.25    11.3   51.56   90.52   127.2   160.6     190   214.6   233.7   246.9   253.9   254.4   248.5   236.3   218.1   194.4   165.8     133   96.77   58.12      18   22.57   62.58     101   136.9   169.3   197.4   220.5     238   249.5   254.7   253.4
       0   233.7     187   84.15   254.3   119.3   158.9   246.4   38.21   215.8   210.8   47.13   248.5   151.7   127.2   253.4   75.56     193   229.9   9.042   237.2   180.7   92.63   254.8   111.2   165.8   243.9   29.25   220.5   205.6   55.98   250.4   144.3   134.9   252.3   66.88   198.8   225.9   18.07   240.4   174.2     101     255     103   172.6   241.1   20.25   224.9   200.1   64.77     252
       0   212.1   235.5   49.34   180.7     250   96.81   142.5     255   140.6   98.88   250.4   179.1   51.53   236.3   210.8   2.242   213.3   234.6   47.13   182.3   249.5   94.73   144.3     255   138.7   100.9   250.8   177.5   53.73   237.2   209.6   4.483   214.6   233.7   44.93   183.8     249   92.64   146.2   254.9   136.9     103   251.2   175.9   55.92     238   208.3   6.724   215.8   232.8
       0   4.514   9.027   13.54   18.04   22.54   27.03   31.52   35.99   40.46   44.91   49.34   53.76   58.17   62.55   66.92   71.27   75.59   79.89   84.16   88.41   92.63   96.82     101   105.1   109.2   113.3   117.3   121.3   125.2   129.1     133   136.9   140.6   144.4   148.1   151.7   155.3   158.9   162.4   165.9   169.3   172.6   175.9   179.1   182.3   185.5   188.5   191.5   194.5   197.4
       0     217     228   22.53   204.3   237.2   44.89     190   244.5    66.9   174.2     250   88.38   157.1   253.4   109.2   138.7   254.9   129.1   119.3   254.4     148   98.91     252   165.8   77.75   247.5   182.3   55.98   241.1   197.3   33.78   232.8   210.8   11.31   222.7   222.7   11.24   210.9   232.8   33.71   197.4   241.1   55.92   182.3   247.5   77.68   165.9   251.9   98.84   148.1
       0     230   198.8   58.15     249   157.1   113.2     255   107.1   162.4   247.5   51.56   202.9     227   6.755   232.8   194.5   64.71   250.4   151.7   119.3   254.8     101   167.5   245.8   44.92   206.9   223.8   13.51   235.5     190   71.22   251.6   146.2   125.2   254.4   94.74   172.5   243.9   38.26   210.8   220.5   20.25     238   185.5   77.68   252.6   140.7     131   253.9   88.44
       0   31.51   62.54   92.61   121.3     148   172.6   194.4   213.3     229   241.1   249.5   254.1   254.8   251.6   244.5   233.7   219.3   201.6   180.7   157.1   131.1   103.1   73.44    42.7    11.3   20.26   51.52   81.98   111.2   138.7   164.1   186.9   206.9   223.8   237.2   246.9   252.9     255   253.2   247.5     238   224.9   208.3   188.5   165.9   140.7   113.3   84.19    53.8   22.59
       0   195.9   250.8   125.2   90.51   241.1   218.2   38.21   169.2   254.9   157.1   53.76   225.9   235.5   75.56   138.7   253.2   185.4   15.81   205.6   247.5   111.2   105.1   245.8   209.6   22.51   180.7   253.9   144.3   69.11   232.8     229   60.32   151.7   254.6   174.2   31.55   214.6   243.2   96.76   119.3   249.5   200.1   6.724   191.5   251.9     131   84.19   238.8   221.6   44.85
       0   243.2   146.2   155.3   239.6   11.27   246.4   136.8   164.1   235.5   22.53     249   127.2   172.6   230.9   33.73   251.2   117.3   180.7   225.9   44.88   252.9   107.2   188.5   220.5   55.93   254.1   96.83   195.9   214.6   66.88   254.8    86.3   202.9   208.3   77.69     255   75.61   209.5   201.6   88.35   254.7   64.77   215.8   194.5   98.84   253.9    53.8   221.6     187   109.1
       0   66.91   129.1   182.3   222.7   247.5   254.9   244.5     217   174.2   119.3   55.97   11.27   77.71   138.7     190     228     250   254.4   241.1   210.9   165.8   109.2   44.92   22.51   88.37     148   197.3   232.8   251.9   253.4   237.2   204.3   157.1   98.92   33.79   33.71   98.85   157.1   204.3   237.2   253.4     252   232.8   197.4   148.1   88.44   22.59   44.85   109.1   165.8
